901568000008302905205100003400005102000734000580000760000403250702051349000920000
931568427678342915245197683497685132126734598583219764819473256762851349354926871

031000006049200038020010045750006000208005600096032750062070004005009307070561020
531984276649257138827613945753196482218745693496832751962378514185429367374561829

503200100006007802100300705351002084007040610460801000000008561002415070805060000
573284196946157832128396745351672984287549613469831257734928561692415378815763429

605000709734598002200764300100083004040010860508400003001040200906801430000200000
685132749734598612219764358197683524342915867568427193851349276926871435473256981

020009500900700320600450100801500062340600010256100430100004008004835200508000740
427319586915786324683452179871543962349627815256198437132974658764835291598261743

000407000901683000020005070000801050010009762734056000190704083040598026056100000
685427931971683245423915678269871354518349762734256819192764583347598126856132497

000008354700602810000900702058704000432510678010006005860030000300095120009007080
296178354743652819581943762658724931432519678917386245865231497374895126129467583

000065928105020760002800000530489000640700830007010049490008157018000300000091200
374165928185924763962873415531489672649752831827316549496238157218547396753691284

984000670610800500057000031070900410420180703500304000705200000002490057190003200
984531672613827549257649831378962415429185763561374928745218396832496157196753284

219046030005100000034000260026007503001090007473065008060402310340000780100000450
219746835685123974734589261926817543851394627473265198568472319342951786197638452

084002030207831009010500027078010902009760085501900300030107406006200000700390000
984672531257831649613549827378415962429763185561928374832157496196284753745396218

817000045000051706265003001470568000951000080030090200040200000000005079589730160
817926345394851726265473891472568913951342687638197254746219538123685479589734162

000040870001000349743890056000910027400007910007004003370060090120538700065000030
296345871581726349743891256658913427432687915917254683374162598129538764865479132

703000204208045006490000157000370005070501900005029700501900670009200001000613049
753196284218745396496832157962378415374561928185429763531984672649257831827613549

007500603430006005608109027206450000001060340700008050800700130074020590109305000
917542683432876915658139427296453871581267349743918256865794132374621598129385764

500913720300080509090250080680470230009500460704000005020000000400891600850720003
568913724342687519197254386685479231219538467734162895926345178473891652851726943

350602004007040013069831007503000096000300745946000800692400008800703000004020001
351672984287549613469831257573284196128396745946157832692415378815763429734928561

005800920000049851091200003003420560054603000680915040400030600002590000008064009
345871926726349851891256473913427568254683197687915342479132685162598734538764219

500601000030075049000948000157000000096000208200169050410307060020510370703400180
549631827831275649672948531157823496396754218284169753415387962928516374763492185

300010002092307800016829004900070350601040000275138000820051906700090100000402000
387514692492367815516829734948276351631945287275138469823751946754693128169482573

057940800204000196390100005031000200602350980500207000005602008760015009008730000
157946832284573196396128745831469257672351984549287613415692378763815429928734561

000078005005429000730001090070000020906000507120005936069057081301900060200610450
692378145815429673734561298573196824946832517128745936469257381351984762287613459

378410200560008000000760001000300800032100690006284357004000005050031946610000708
378415269561928473429763581745396812832157694196284357984672135257831946613549728

040030009985102004300479680009087042200000068836050097000020800710305000060001400
647538219985162734321479685159687342274913568836254197493726851718345926562891473

910000427000003915254700680470086032060400008500012060340620001000300000026008009
913865427687243915254791683479586132162437598538912764345629871891374256726158349

038004002002500430079130506000680701000010040010020005720300050345070620090056370
538764912162598437479132586254683791687915243913427865726349158345871629891256374

400006200380050000010200753651900074000703100700015962094670030100009800500001609
475396218382157496916284753651928374249763185738415962894672531163549827527831649

060300871000090200005726040000000132743062090201008000580013420000000915079054080
962345871437891256815726349658479132743162598291538764586913427324687915179254683

003000007420091000015068300870034906300000051206089403590216000102907080700050000
683425197427391568915768342871534926349672851256189473598216734132947685764853219

005000210196284753030150406308005000400063000501920374000002500050030600013040000
745396218196284753832157496378415962429763185561928374984672531257831649613549827

501060024060400073070000105000007208802390547300284090005600400020000310946001700
581763924269415873473928165694157238812396547357284691135672489728549316946831752

601590807205010000040600030020075006704069018169048000007451060000902300400006005
631594827275813649948627531823175496754369218169248753387451962516982374492736185

032000070004219500000700102801000045340001006250400800400500013015340600680190204
132685479764219538598734162871926345349851726256473891427568913915342687683197254

603004001420913065010007000030070000700008002008160007870305029349700100206800304
683254791427913865915687243132479586764538912598162437871345629349726158256891374

062504070300809501105060409531200900027000600009130057000693000700080096400000830
962514378374829561185367429531276984827945613649138257218693745753482196496751832

008000962429700185501908070002007400100280050700396008004670031000800600010500020
378415962429763185561928374832157496196284753745396218984672531257831649613549827

870549000000801250013000900906400000008763409340920500009150802080300000730280006
872549613694831257513672984926415378158763429347928561469157832281396745735284196

060045370005673420004000001500702004609000250807009003490517800210036000050020100
962145378185673429374298561531762984649381257827459613496517832218936745753824196

600410308805063400730020001006157002570004106120096040300000080069030050007040010
692415378815763429734928561946157832573284196128396745351672984469831257287549613

600305870080020000007890056060070100403162008901030764000003007230600900710054003
692345871185726349347891256568479132473162598921538764856913427234687915719254683

672003004031000250040000013107040000390000045200075106005096378060508009900007501
672153984831964257549782613157649832396821745284375196415296378763518429928437561

906800000050049602473206009000132907704590010009000000002015068560007301100600400
926871534851349672473256189685132947734598216219764853342915768568427391197683425

305920008026851003000000602910000000087302010004007386508200007062004895470080000
345926178726851943891473652913568724687342519254197386538219467162734895479685231

605000709734598002200764300100083004040010860508400003001040200906801430000200000
685132749734598612219764358197683524342915867568427193851349276926871435473256981

004100005007832600390700800600980100801207004049013002010308296703000000000061407
284196375157832649396745821672984153831257964549613782415378296763429518928561437

200507000006230100753600048000800451300060902085020030501009600049700003827006090
218547369496238175753691248962873451374165982185924736531489627649752813827316594

070206340009501700250740890060100000500004162130800400420058013015400000680000050
871296345349581726256743891764129538598374162132865479427658913915432687683917254

946000830008900045073002196000200001090100378800000400001726900460010200280090603
946571832128963745573842196734289561692154378815637429351726984469318257287495613

600100002801090000075084000430020561518700409096410300000070000060031050702540603
649157832821396745375284196437928561518763429296415378153672984964831257782549613

002010069400009080906428705040376150730500020001000340500000090894060010000954002
382715469475639281916428735249376158738541926651892347527183694894267513163954872

200087005510090760037000920640820050020050006305069284100900670000005030082001009
296387415518492763437516928649823157821754396375169284153948672964275831782631549

000100204007586913010300007030650479008703062000200508870000000049010020250400890
683179254427586913915324687132658479598743162764291538871962345349815726256437891

020070430051300206070006001600000709730500010009064008568027103302010000007083520
926871435851349276473256981685132749734598612219764358568427193342915867197683524

000805427007203905024701000740086100008910704010030098000000001901370006200050340
193865427867243915524791683749586132358912764612437598435629871981374256276158349

000078000001409063700060020530106204102045006064032050010084000400207830270003500
629378415851429763743561928537196284182745396964832157315984672496257831278613549

000004670009200801007613049050100284010000396496800050300061020085400060900078000
531984672649257831827613549753196284218745396496832157374561928185429763962378415

005740002030012508010008764060093000302007010000500003801206000026400000473981250
685749132734612598219358764568193427342867915197524683851276349926435871473981256

003058009009740062000200538402000013900304087608070250300005020005037090017000340
123658479589743162746291538472586913951324687638179254394815726265437891817962345

870000601090000275010062048006100007150000002300008506469000800280930050030024169
872459631694381275513762948926145387158673492347298516469517823281936754735824169

000600107680951300003002568040810020000000850090065073409003085162009030500706000
254638197687951342913472568345817926726394851891265473479123685162589734538746219

179083020506000003320005007058100749040090602000704008002070430010040006407206001
179683524586427193324915867658132749743598612291764358962871435815349276437256981

247910060005007043803250091000479006950162400070030002700005000400700050006801004
247913865195687243863254791312479586958162437674538912781345629439726158526891374

506304000490005763087902000023406150050008000100750080275600800030807009000031070
516374928492185763387962415823496157754218396169753284275649831631827549948531672

005020009406810050070000316500240600064070238180300000609001800740900060000736024
315627489496813752278594316537248691964175238182369547629451873743982165851736924

501627000820090013640000000960401300080730429004900500006075030200369005050000190
531627984827594613649813257962451378185736429374982561496175832218369745753248196

000830057008500600130002080802390700600100032057204090060410370073908060000760400
946831257728549613135672984812396745694157832357284196269415378473928561581763429

300600004409801007007049600946157802020300745070280000000400000805060020734008500
351672984469831257287549613946157832128396745573284196692415378815763429734928561

209060038004508100605000409050340020000001000470006891000420913042910600097000204
219764538734598162685132479851349726926871345473256891568427913342915687197683254

600827509250040030080001072002400007006750080745210000561070928400000003000902010
613827549257649831984531672832496157196753284745218396561374928429185763378962415

020017030851094200470260900340050007008002103000608500004009610600003709010046050
926817435851394276473265981342951867568472193197638524734589612685123749219746358

000003027010057009600000030450070002000409005902001374105802496060040018040106053
594613827813257649627984531451378962736429185982561374175832496369745218248196753

709002680002050704000000200190007060867195040504000090435780020006400001980506003
749312685612958734358674219193247568867195342524863197435781926276439851981526473

060420001190083020002010700000870500051349002403050080605132000704008010010060850
568427391197683425342915768926871534851349672473256189685132947734598216219764853

002015078180063400004020561096007030010306005003204096030000000649830207007000010
962415378185763429374928561496157832218396745753284196531672984649831257827549613

930270050080035920605001473740190500500860042300020107013049080009000700000000200
934276851187435926625981473742193568591867342368524197213749685859612734476358219

094030100812700096300190000030904600008613049006200001403500008500020700060008415
694832157812745396357196284135984672728613549946257831473561928581429763269378415

000000830035482100080000000013276004872005000604030250900014070008007029300029561
469751832735482196281693745513276984872945613694138257926514378158367429347829561

038060410000470020209000060005802390000004107910350200894005670507046800003000509
738269415651473928249581763475812396382694157916357284894135672527946831163728549

800107469005306080000004035980070010257830090010000872008000900420703100061900300
832157469745396281196284735984672513257831694613549872378415926429763158561928347

000405000009060080500008074000396200032107406106084000080072531057030040603540020
378415962429763185561928374745396218832157496196284753984672531257831649613549827

060403800007006040300050006123005409589700060700210500400008013600190204050302600
265473891817926345394851726123685479589734162746219538472568913638197254951342687

601590807205010000040600030020075006704069018169048000007451060000902300400006005
631594827275813649948627531823175496754369218169248753387451962516982374492736185

000807000257049100980031200020000307008062514501370809030496000096700480700000000
613827945257649138984531276429185367378962514561374829832496751196753482745218693

240560090063090025005300760012605940908000000600200053700906004006473100000001072
247568391863197425195342768312685947958734216674219853781926534526473189439851672

000107008012096007057204091130600480906030050720500306001760004070000005200410070
694157238812396547357284691135672489946831752728549316581763924473928165269415873

006150002703280006010096040900405078000000400374008561501070080009830057000009603
496157832753284196218396745962415378185763429374928561531672984649831257827549613

900340600600007004020500013700009508008730062130000470340051700006000891871020040
915342687683197254427568913764219538598734162132685479349851726256473891871926345

096208075200753010050006002070031090000000520500020163010900030003080209900374601
396218475284753916157496382672531894831649527549827163415962738763185249928374651

405002308060180409908370501000496000396010705080000106549000003000049250002030000
415962378763185429928374561157496832396218745284753196549827613831649257672531984

020091003700345020009006800310409005604500009008100700803054007005080002047013560
526891473781345926439726851312479685674538219958162734863254197195687342247913568

605400302734060058010530000042607195097004060000013007906305000470091020000020000
685479312734162958219538674342687195197254863568913247926345781473891526851726439

060000503081002004450016070208065300073024050140000900007000060906047281004001035
762489513381752694459316872298165347673924158145873926517238469936547281824691735

060420001190083020002010700000870500051349002403050080605132000704008010010060850
568427391197683425342915768926871534851349672473256189685132947734598216219764853

090002010208040930703106800000300145185029600074001208000200080500900762800603000
496832517218745936753196824962378145185429673374561298649257381531984762827613459

005900420071004680000607900340002008806070000092500700000026309260045071730801050
685913427971254683423687915347162598856479132192538764518726349269345871734891256

000780405050409000070020001000200190302190860007803000730908612010070350005312009
926781435851439276473526981568247193342195867197863524734958612219674358685312749

415078209060029500000001470300045002000100050007030090670900130049013020031250006
415378269763429581928561473396745812284196357157832694672984135549613728831257946

200600830908530602001807040060053000704208000023496000080060005000105763506304000
275649831948531672631827549169753284754218396823496157387962415492185763516374928

000100300082060470000040010020401708850700200703982000270594003406810507300020090
964175382182369475537248916629451738851736249743982651278594163496813527315627894

400000000100509730000040019204608197000051002003402008305800926706000850801005470
479123685162589734538746219254638197687951342913472568345817926726394851891265473

